193 193
1 -0.442784 -0.00559522 0.583394 -0.00559522 0.036469 -0.00521362 0.0910645 -0.442784 -0.191412 0.129747 0.036469 -0.113125 0.462336 0.420919 0.446774 -0.238629 0.489605 0.658845 0.0582227 -0.0773063 -0.358533 -0.0222797 -0.338959 -0.57624 0.314761 0.535434 -0.017744 0.555603 0.207408 -0.575749 -0.575749 0.0582227 -0.333036 0.314761 0.314761 -0.338959 -0.568085 -0.53478 -0.315336 0.318037 0.0582227 0.289408 0.0526217 0.0154831 -0.0731916 -0.0991225 -0.176873 0.0271525 -0.135218 -0.149232 -0.137439 -0.00672687 -0.00328472 -0.1105 0.0638875 0.0034206 0.0165768 -0.113172 -0.115053 -0.142037 -0.0411069 -0.0187369 -0.0241883 -0.0160606 -0.0411069 -0.067564 -0.0157465 -0.0163733 -0.0163733 -0.0160606 -0.0194249 -0.0194249 0.0245054 -0.0160606 -0.0160606 -0.0725434 -0.0149927 -0.0149927 -0.128141 -0.0457086 -0.128141 -0.0149927 -0.0194249 -0.0149927 -0.178146 -0.0187369 -0.0679601 0.0431194 0.0416247 -0.0665302 0.0135639 -0.128141 0.0401558 0.0416247 -0.0128595 0.0416247 -0.0132378 -0.0588635 -0.128141 -0.0968172 0.0416247 -0.0132378 0.0416247 -0.0136173 -0.0132378 -0.0394446 -0.0132378 -0.0588635 -0.0132378 -0.00950845 -0.00950845 -0.0135616 0.0078133 -0.0239669 0.0231309 0.0449716 -0.0169559 0.028213 -0.0169559 0.028213 -0.0169559 -0.129606 0.0416247 -0.0169559 0.0416247 0.0416247 0.0237964 -0.0165728 -0.0209666 -0.0209666 -0.0165728 -0.0165728 0.028213 -0.129606 0.0423687 -0.0165728 -0.0430934 -0.0165728 -0.0165728 -0.0165728 -0.0169559 -0.0165728 -0.170629 -0.0165728 -0.0603012 -0.0165728 -0.0165728 -0.0165728 -0.0165728 -0.0165728 -0.170629 -0.0165728 -0.0165728 0.0218349 -0.0333279 -0.0165728 -0.0169559 -0.0169559 -0.0430934 -0.170629 0.0293426 0.0293426 -0.0430934 -0.0430934 -0.0430934 -0.0430934 0.0182297 -0.170629 -0.0580478 0.144515 -0.0555945 0.144515 -0.0407404 -0.0777785 -0.0430934 -0.0738498 0.0910645 -0.0434936 0.144515 -0.0430934 0.140158 -0.000405626 -0.0430934 -0.129606 -0.129606 -0.0135221 0.0544265 -0.0522051 0.120489 0.0181893 0.0181893 -0.0508955 
-0.442784 1 -0.270713 -0.248377 -0.270713 -0.0419873 -0.26876 -0.0861002 1 -0.0367859 0.00325442 -0.0419873 0.242017 0.234502 0.234619 0.371911 -0.0350771 -0.112161 -0.190447 -0.0262853 0.206784 -0.222429 -0.0251394 0.800607 -0.264194 -0.127908 -0.203206 -0.0272158 -0.221111 -0.0988264 -0.26225 -0.26225 -0.0262853 -0.32519 -0.127908 -0.127908 0.800607 -0.264068 0.192138 -0.330175 -0.132403 -0.0262853 -0.138278 -0.00931926 -0.0498549 -0.0545321 0.00770971 0.10071 0.0103579 -0.0367357 -0.0426505 0.074145 0.12777 0.123981 -0.0643642 -0.0570682 0.0267416 0.0155454 -0.0613738 -0.0425104 -0.0352583 0.131054 0.0676136 -0.0517409 0.0606988 0.131054 -0.0468713 0.0625494 0.0588586 0.0588586 0.0606988 0.0641512 0.0641512 -0.0180351 0.0606988 0.0606988 -0.048644 0.0657491 0.0657491 0.015586 0.129386 0.015586 0.0657491 0.0641512 0.0657491 0.0281458 0.0676136 -0.0507011 -0.0973028 -0.0928924 0.0168496 -0.0101561 0.015586 -0.0979475 -0.0928924 0.0636116 -0.0928924 0.0619959 -0.0565242 0.015586 0.0182094 -0.0928924 0.0619959 -0.0928924 0.0603759 0.0619959 0.121563 0.0619959 -0.0565242 0.0619959 0.0603759 0.0603759 0.0601286 -0.0075784 0.0684339 -0.0138353 -0.0741309 0.0692677 -0.0161258 0.0692677 -0.0161258 0.0692677 0.00900115 -0.0928924 0.0692677 -0.0928924 -0.0928924 -0.0112782 0.0652231 0.0689857 0.0689857 0.0652231 0.0652231 -0.0161258 0.00900115 -0.0998328 0.0652231 0.12853 0.0652231 0.0652231 0.0652231 0.0692677 0.0652231 0.0166186 0.0652231 -0.0566106 0.0652231 0.0652231 0.0652231 0.0652231 0.0652231 0.0166186 0.0652231 0.0652231 -0.0185232 -0.0537561 0.0652231 0.0636116 0.0636116 0.12853 0.0166186 -0.019382 -0.019382 0.12853 0.12853 0.12853 0.12853 -0.0694718 0.0166186 -0.00777237 -0.00655938 -0.0586997 -0.00655938 0.134292 0.205955 0.12853 0.0998345 0.0486071 0.126861 -0.00655938 0.12853 -0.0015807 0.119713 0.12853 0.00900115 0.00900115 -0.0946984 0.0167215 -0.0547101 -0.0613738 -0.00888099 -0.00888099 -0.0607866 
-0.00559522 -0.270713 1 -0.459399 1 -0.0680665 0.997717 -0.067459 -0.270713 -0.0760527 0.238808 -0.0680665 -0.0285313 0.301451 0.258181 -0.538508 0.307481 -0.427826 -0.344969 0.0747831 -0.0994784 0.248007 -0.285985 -0.193148 0.230118 0.10103 -0.423329 -0.28401 -0.436504 0.333478 0.223435 0.223435 0.0747831 0.271978 0.10103 0.10103 -0.193148 0.214128 0.134311 0.262827 0.1034 0.0747831 0.114457 -0.00267971 -0.0626832 0.0875931 0.0882251 0.111762 0.0849395 0.140372 0.125758 0.136513 -0.0444254 -0.0453679 0.138363 -0.0692132 0.0849395 0.0814154 -0.00626121 0.108777 0.125724 -0.0225361 -0.0245523 0.01356 -0.0222744 -0.0225361 0.0855634 -0.0196681 -0.0205956 -0.0205956 -0.0222744 -0.0212678 -0.0212678 -0.0601923 -0.0222744 -0.0222744 0.0870027 -0.0228631 -0.0228631 0.0730668 -0.0164161 0.0730668 -0.0228631 -0.0212678 -0.0228631 0.0700089 -0.0245523 0.0889629 -0.0147837 -0.00918346 0.0107926 -0.0480701 0.0730668 -0.00366023 -0.00918346 -0.0105723 -0.00918346 -0.0132784 0.0785763 0.0730668 0.106777 -0.00918346 -0.0132784 -0.00918346 -0.0159929 -0.0132784 -0.00803671 -0.0132784 0.0785763 -0.0132784 -0.0116493 -0.0116493 -0.0159274 -0.0513057 -0.0111253 -0.0784187 -0.0194294 -0.0192333 -0.0752788 -0.0192333 -0.0752788 -0.0192333 0.07891 -0.00918346 -0.0192333 -0.00918346 -0.00918346 -0.0739947 -0.0165224 -0.0148421 -0.0148421 -0.0165224 -0.0165224 -0.0752788 0.07891 -0.0047086 -0.0165224 -0.014148 -0.0165224 -0.0165224 -0.0165224 -0.0192333 -0.0165224 0.0877313 -0.0165224 0.102179 -0.0165224 -0.0165224 -0.0165224 -0.0165224 -0.0165224 0.0877313 -0.0165224 -0.0165224 -0.0666554 0.0723858 -0.0165224 -0.0192333 -0.0192333 -0.014148 0.0877313 -0.0802586 -0.0802586 -0.014148 -0.014148 -0.014148 -0.014148 0.00752311 0.0877313 -0.0193877 -0.0678106 0.0987531 -0.0678106 -0.0172184 -0.101932 -0.014148 0.0300889 -0.0846483 -0.0169259 -0.0678106 -0.014148 -0.066563 -0.0724853 -0.014148 0.07891 0.07891 0.140535 -0.0345292 0.107941 0.0554915 -0.0827651 -0.0827651 0.111523 
0.583394 -0.248377 -0.459399 1 -0.459399 0.101514 -0.461106 0.153277 -0.248377 -0.111924 -0.000319575 0.101514 -0.0826023 0.254948 0.252978 0.555214 -0.1711 0.842142 0.641962 -0.0176261 -0.0309783 -0.523878 0.273461 -0.188883 -0.389774 -0.219206 0.89379 0.275731 0.904254 -0.13824 -0.386788 -0.386788 -0.0176261 -0.49916 -0.219206 -0.219206 -0.188883 -0.379786 -0.603422 -0.488128 -0.219417 -0.0176261 -0.184272 0.00745095 0.127017 -0.0921306 -0.0931138 -0.242902 -0.0283119 -0.150576 -0.161844 -0.241583 -0.0558605 -0.0519622 -0.154176 0.00302342 -0.0412935 -0.0342005 -0.0915417 -0.103594 -0.146669 -0.100951 -0.0496965 0.0410637 -0.0466849 -0.100951 -0.0645255 -0.0486423 -0.0491592 -0.0491592 -0.0466849 -0.0504068 -0.0504068 0.07632 -0.0466849 -0.0466849 -0.0673012 -0.0477359 -0.0477359 -0.139552 -0.103718 -0.139552 -0.0477359 -0.0504068 -0.0477359 -0.180608 -0.0496965 -0.0650142 0.0856477 0.0837627 -0.0613853 0.0682408 -0.139552 0.0819146 0.0837627 -0.0524608 0.0837627 -0.0551724 -0.0578215 -0.139552 -0.0309783 0.0837627 -0.0551724 0.0837627 -0.0533976 -0.0551724 -0.108861 -0.0551724 -0.0578215 -0.0551724 -0.0533976 -0.0533976 -0.0576557 0.0733003 -0.071148 0.122815 0.0938493 -0.0569425 0.124198 -0.0569425 0.124198 -0.0569425 -0.137269 0.0837627 -0.0569425 0.0837627 0.0837627 0.124395 -0.0587078 -0.061174 -0.061174 -0.0587078 -0.0587078 0.124198 -0.137269 0.0809411 -0.0587078 -0.110217 -0.0587078 -0.0587078 -0.0587078 -0.0569425 -0.0587078 -0.187625 -0.0587078 -0.104055 -0.0587078 -0.0587078 -0.0587078 -0.0587078 -0.0587078 -0.187625 -0.0587078 -0.0587078 0.120237 -0.0420018 -0.0587078 -0.0569425 -0.0569425 -0.110217 -0.187625 0.125772 0.125772 -0.110217 -0.110217 -0.110217 -0.110217 0.0827084 -0.187625 0.0133762 0.168783 -0.096077 0.168783 -0.0979287 -0.0442852 -0.110217 -0.102702 0.117699 -0.108386 0.168783 -0.110217 0.164047 0.0143576 -0.110217 -0.137269 -0.137269 -0.0497142 0.0695588 -0.0892297 0.0043198 0.116949 0.116949 -0.0769429 
-0.00559522 -0.270713 1 -0.459399 1 -0.0680665 0.997717 -0.067459 -0.270713 -0.0760527 0.238808 -0.0680665 -0.0285313 0.301451 0.258181 -0.538508 0.307481 -0.427826 -0.344969 0.0747831 -0.0994784 0.248007 -0.285985 -0.193148 0.230118 0.10103 -0.423329 -0.28401 -0.436504 0.333478 0.223435 0.223435 0.0747831 0.271978 0.10103 0.10103 -0.193148 0.214128 0.134311 0.262827 0.1034 0.0747831 0.114457 -0.00267971 -0.0626832 0.0875931 0.0882251 0.111762 0.0849395 0.140372 0.125758 0.136513 -0.0444254 -0.0453679 0.138363 -0.0692132 0.0849395 0.0814154 -0.00626121 0.108777 0.125724 -0.0225361 -0.0245523 0.01356 -0.0222744 -0.0225361 0.0855634 -0.0196681 -0.0205956 -0.0205956 -0.0222744 -0.0212678 -0.0212678 -0.0601923 -0.0222744 -0.0222744 0.0870027 -0.0228631 -0.0228631 0.0730668 -0.0164161 0.0730668 -0.0228631 -0.0212678 -0.0228631 0.0700089 -0.0245523 0.0889629 -0.0147837 -0.00918346 0.0107926 -0.0480701 0.0730668 -0.00366023 -0.00918346 -0.0105723 -0.00918346 -0.0132784 0.0785763 0.0730668 0.106777 -0.00918346 -0.0132784 -0.00918346 -0.0159929 -0.0132784 -0.00803671 -0.0132784 0.0785763 -0.0132784 -0.0116493 -0.0116493 -0.0159274 -0.0513057 -0.0111253 -0.0784187 -0.0194294 -0.0192333 -0.0752788 -0.0192333 -0.0752788 -0.0192333 0.07891 -0.00918346 -0.0192333 -0.00918346 -0.00918346 -0.0739947 -0.0165224 -0.0148421 -0.0148421 -0.0165224 -0.0165224 -0.0752788 0.07891 -0.0047086 -0.0165224 -0.014148 -0.0165224 -0.0165224 -0.0165224 -0.0192333 -0.0165224 0.0877313 -0.0165224 0.102179 -0.0165224 -0.0165224 -0.0165224 -0.0165224 -0.0165224 0.0877313 -0.0165224 -0.0165224 -0.0666554 0.0723858 -0.0165224 -0.0192333 -0.0192333 -0.014148 0.0877313 -0.0802586 -0.0802586 -0.014148 -0.014148 -0.014148 -0.014148 0.00752311 0.0877313 -0.0193877 -0.0678106 0.0987531 -0.0678106 -0.0172184 -0.101932 -0.014148 0.0300889 -0.0846483 -0.0169259 -0.0678106 -0.014148 -0.066563 -0.0724853 -0.014148 0.07891 0.07891 0.140535 -0.0345292 0.107941 0.0554915 -0.0827651 -0.0827651 0.111523 
0.036469 -0.0419873 -0.0680665 0.101514 -0.0680665 1 -0.067558 -0.0283364 -0.0419873 0.0905122 0.115288 1 -0.0244399 -0.021742 -0.0301527 0.0244674 -0.0423447 0.0875665 0.0546465 -0.020291 -0.0233756 -0.0655133 0.0424194 -0.0149744 -0.0289961 -0.0389503 -0.133546 0.0418809 0.104258 -0.0432531 -0.0284951 -0.0284951 -0.020291 -0.051356 -0.0389503 -0.0389503 -0.0149744 -0.0271326 -0.0586951 -0.0523269 -0.0377616 -0.020291 -0.0291578 0.0400169 0.0715614 -0.0269986 0.103244 -0.0295064 0.339148 0.0592479 -0.0421843 -0.0220116 -0.0826517 -0.0833456 -0.0320733 -0.0222652 0.284975 0.290692 -0.031812 0.0260258 -0.0422874 -0.0738626 -0.0233296 -0.0301172 -0.0250418 -0.0738626 -0.023696 -0.0246637 -0.0254184 -0.0254184 -0.0250418 -0.0241863 -0.0241863 -0.0513206 -0.0250418 -0.0250418 -0.0240834 -0.0237105 -0.0237105 -0.0320117 -0.0743702 -0.0320117 -0.0237105 -0.0241863 -0.0237105 -0.131466 -0.0233296 -0.0246151 0.0823114 0.0802534 -0.0866748 -0.0496447 -0.0320117 0.0782343 0.0802534 -0.0262127 0.0802534 -0.0266991 -0.0260517 -0.0320117 0.0656997 0.0802534 -0.0266991 0.0802534 -0.0271873 -0.0266991 -0.0772657 -0.0266991 -0.0260517 -0.0266991 -0.0271873 -0.0271873 -0.0270759 -0.0495857 -0.0247637 -0.0616193 0.0754156 -0.0262127 -0.0616251 -0.0262127 -0.0616251 -0.0262127 -0.0317596 0.0802534 -0.0262127 0.0802534 0.0802534 -0.0395342 -0.025728 -0.026106 -0.026106 -0.025728 -0.025728 -0.0616251 -0.0317596 0.0812775 -0.025728 -0.0764143 -0.025728 -0.025728 -0.025728 -0.0262127 -0.025728 -0.135462 -0.025728 -0.0135493 -0.025728 -0.025728 -0.025728 -0.025728 -0.025728 -0.135462 -0.025728 -0.025728 -0.0621452 0.157294 -0.025728 -0.0262127 -0.0262127 -0.0764143 -0.135462 -0.0605827 -0.0605827 -0.0764143 -0.0764143 -0.0764143 -0.0764143 -0.058184 -0.135462 -0.0702946 0.157623 -0.0140956 0.157623 -0.0784985 -0.0386114 -0.0764143 -0.0626414 -0.0283364 -0.0769289 0.157623 -0.0764143 0.159576 -0.0269677 -0.0764143 -0.0317596 -0.0317596 -0.00915515 -0.0214656 -0.0167126 0.0348607 -0.0600604 -0.0600604 -0.0146412 
-0.00521362 -0.26876 0.997717 -0.461106 0.997717 -0.067558 1 -0.0840557 -0.26876 -0.0753512 0.231548 -0.067558 -0.0280444 0.299367 0.256213 -0.537622 0.30813 -0.429281 -0.349694 0.0751336 -0.0989733 0.246951 -0.288399 -0.19161 0.232558 0.0953216 -0.425339 -0.286414 -0.438276 0.334131 0.225869 0.225869 0.0751336 0.270586 0.0953216 0.0953216 -0.19161 0.21655 0.133906 0.265949 0.104658 0.0751336 0.115593 -0.00209742 -0.0614194 0.0897667 0.084812 0.109257 0.0856658 0.139513 0.123803 0.134227 -0.0457387 -0.0466599 0.136668 -0.0687461 0.0856658 0.0821303 -0.00564429 0.108216 0.123734 -0.0240601 -0.0251615 0.0141334 -0.0228494 -0.0240601 0.0877419 -0.0202546 -0.0211616 -0.0211616 -0.0228494 -0.0218611 -0.0218611 -0.0586097 -0.0228494 -0.0228494 0.0891763 -0.0234632 -0.0234632 0.0668803 -0.0179357 0.0668803 -0.0234632 -0.0218611 -0.0234632 0.0680831 -0.0251615 0.0911448 -0.013327 -0.00771105 0.0132722 -0.0465219 0.0668803 -0.00217208 -0.00771105 -0.011143 -0.00771105 -0.01384 0.0807787 0.0668803 0.10717 -0.00771105 -0.01384 -0.00771105 -0.0165452 -0.01384 -0.00952837 -0.01384 0.0807787 -0.01384 -0.0122039 -0.0122039 -0.0164774 -0.0497495 -0.0117189 -0.0766692 -0.0179305 -0.0197993 -0.0735361 -0.0197993 -0.0735361 -0.0197993 0.0726053 -0.00771105 -0.0197993 -0.00771105 -0.00771105 -0.07218 -0.0170977 -0.0154082 -0.0154082 -0.0170977 -0.0170977 -0.0735361 0.0726053 -0.00324803 -0.0170977 -0.0156376 -0.0170977 -0.0170977 -0.0170977 -0.0197993 -0.0170977 0.0858415 -0.0170977 0.104185 -0.0170977 -0.0170977 -0.0170977 -0.0170977 -0.0170977 0.0858415 -0.0170977 -0.0170977 -0.0649084 0.0731466 -0.0170977 -0.0197993 -0.0197993 -0.0156376 0.0858415 -0.0785314 -0.0785314 -0.0156376 -0.0156376 -0.0156376 -0.0156376 0.00954418 0.0858415 -0.0222255 -0.0660796 0.10077 -0.0660796 -0.0230596 -0.106073 -0.0156376 0.0284542 -0.0840557 -0.0184062 -0.0660796 -0.0156376 -0.0648509 -0.075294 -0.0156376 0.0726053 0.0726053 0.14145 -0.0340964 0.109986 0.0560748 -0.0810456 -0.0810456 0.113542 
0.0910645 -0.0861002 -0.067459 0.153277 -0.067459 -0.0283364 -0.0840557 1 -0.0861002 0.0145554 -0.0942932 -0.0283364 -0.0283364 0.00993526 0.00125269 0.0443652 -0.0490958 0.135848 0.121361 -0.023526 -0.0271025 -0.0431344 0.0755003 -0.0861257 -0.0275882 -0.00140908 0.188978 0.0946176 0.174403 -0.0501491 -0.0270084 -0.0270084 -0.023526 -0.025967 -0.00140908 -0.00140908 -0.0861257 -0.0254004 -0.0790526 -0.0437157 -0.0261641 -0.023526 -0.0147001 -0.0349189 -0.073925 -0.0760344 -0.0041872 0.127519 -0.0464521 -0.0829496 -0.0605035 0.132961 0.146503 0.178043 -0.0540078 0.136497 -0.0464521 -0.0456484 0.0790699 -0.0679592 -0.0431519 0.142425 0.101915 0.452976 0.131806 0.142425 -0.0739816 0.100406 0.130961 0.130961 0.131806 0.100773 0.100773 -0.0174191 0.131806 0.131806 -0.0741248 0.10114 0.10114 0.0368214 0.141989 0.0368214 0.10114 0.100773 0.10114 0.113482 0.101915 -0.0747195 -0.0597101 -0.0610293 0.0340735 -0.0151322 0.0368214 -0.0623389 -0.0610293 0.0997112 -0.0610293 0.0993437 -0.0760469 0.0368214 -0.0271025 -0.0610293 0.0993437 -0.0610293 0.0989761 0.0993437 0.140433 0.0993437 -0.0760469 0.0993437 0.0989761 0.0989761 0.0985706 -0.0145096 0.100813 -0.00910858 -0.0629415 0.0997112 -0.00975157 0.0997112 -0.00975157 0.0997112 0.038317 -0.0610293 0.0997112 -0.0610293 -0.0610293 -0.0154202 0.100079 0.0993051 0.0993051 0.100079 0.100079 -0.00975157 0.038317 -0.0603709 0.100079 0.140253 0.100079 0.100079 0.100079 0.0997112 0.100079 0.0661066 0.100079 -0.0833626 0.100079 0.100079 0.100079 0.100079 0.100079 0.0661066 0.100079 0.100079 -0.0104682 -0.0481131 0.100079 0.0997112 0.0997112 0.140253 0.0661066 -0.0083108 -0.0083108 0.140253 0.140253 0.140253 0.140253 -0.0199548 0.0661066 0.0195966 -0.0544112 -0.0839454 -0.0544112 0.152496 -0.0150603 0.140253 0.0718009 -0.0328542 0.139821 -0.0544112 0.140253 -0.100746 0.0868572 0.140253 0.038317 0.038317 -0.0228607 -0.0248879 -0.0461539 0.021093 -0.0308551 -0.0308551 -0.0237308 
-0.442784 1 -0.270713 -0.248377 -0.270713 -0.0419873 -0.26876 -0.0861002 1 -0.0367859 0.00325442 -0.0419873 0.242017 0.234502 0.234619 0.371911 -0.0350771 -0.112161 -0.190447 -0.0262853 0.206784 -0.222429 -0.0251394 0.800607 -0.264194 -0.127908 -0.203206 -0.0272158 -0.221111 -0.0988264 -0.26225 -0.26225 -0.0262853 -0.32519 -0.127908 -0.127908 0.800607 -0.264068 0.192138 -0.330175 -0.132403 -0.0262853 -0.138278 -0.00931926 -0.0498549 -0.0545321 0.00770971 0.10071 0.0103579 -0.0367357 -0.0426505 0.074145 0.12777 0.123981 -0.0643642 -0.0570682 0.0267416 0.0155454 -0.0613738 -0.0425104 -0.0352583 0.131054 0.0676136 -0.0517409 0.0606988 0.131054 -0.0468713 0.0625494 0.0588586 0.0588586 0.0606988 0.0641512 0.0641512 -0.0180351 0.0606988 0.0606988 -0.048644 0.0657491 0.0657491 0.015586 0.129386 0.015586 0.0657491 0.0641512 0.0657491 0.0281458 0.0676136 -0.0507011 -0.0973028 -0.0928924 0.0168496 -0.0101561 0.015586 -0.0979475 -0.0928924 0.0636116 -0.0928924 0.0619959 -0.0565242 0.015586 0.0182094 -0.0928924 0.0619959 -0.0928924 0.0603759 0.0619959 0.121563 0.0619959 -0.0565242 0.0619959 0.0603759 0.0603759 0.0601286 -0.0075784 0.0684339 -0.0138353 -0.0741309 0.0692677 -0.0161258 0.0692677 -0.0161258 0.0692677 0.00900115 -0.0928924 0.0692677 -0.0928924 -0.0928924 -0.0112782 0.0652231 0.0689857 0.0689857 0.0652231 0.0652231 -0.0161258 0.00900115 -0.0998328 0.0652231 0.12853 0.0652231 0.0652231 0.0652231 0.0692677 0.0652231 0.0166186 0.0652231 -0.0566106 0.0652231 0.0652231 0.0652231 0.0652231 0.0652231 0.0166186 0.0652231 0.0652231 -0.0185232 -0.0537561 0.0652231 0.0636116 0.0636116 0.12853 0.0166186 -0.019382 -0.019382 0.12853 0.12853 0.12853 0.12853 -0.0694718 0.0166186 -0.00777237 -0.00655938 -0.0586997 -0.00655938 0.134292 0.205955 0.12853 0.0998345 0.0486071 0.126861 -0.00655938 0.12853 -0.0015807 0.119713 0.12853 0.00900115 0.00900115 -0.0946984 0.0167215 -0.0547101 -0.0613738 -0.00888099 -0.00888099 -0.0607866 
-0.191412 -0.0367859 -0.0760527 -0.111924 -0.0760527 0.0905122 -0.0753512 0.0145554 -0.0367859 1 -0.124436 0.0905122 -0.034221 -0.321263 -0.323632 -0.190849 -0.0592915 -0.136885 -0.174879 0.0337234 0.0323427 0.121981 -0.0456268 -0.104011 0.208929 -0.0747545 -0.141385 -0.0463883 -0.123813 -0.0282587 0.20959 0.20959 0.0337234 0.146707 -0.0747545 -0.0747545 -0.104011 0.212665 0.0795308 0.1475 -0.0732257 0.0337234 -0.0628979 0.21401 0.0837247 0.0803036 -0.0158988 -0.0508262 -0.0165228 0.0431476 0.0200706 -0.0724284 -0.0972219 -0.0982406 0.00455134 -0.031176 -0.0165228 -0.0149405 -0.0445435 0.0501824 0.0210271 -0.0847305 -0.0495953 0.00906564 -0.0519544 -0.0847305 0.0896178 -0.0514683 -0.0524388 -0.0524388 -0.0519544 -0.0507753 -0.0507753 0.0571869 -0.0519544 -0.0519544 0.0882677 -0.0500849 -0.0500849 -0.0894687 -0.0854287 -0.0894687 -0.0500849 -0.0507753 -0.0500849 0.00673588 -0.0495953 0.0874658 0.0558338 0.0533608 0.0662008 0.0605878 -0.0894687 0.0509285 0.0533608 -0.0537817 0.0533608 -0.0544886 0.084561 -0.0894687 -0.0327308 0.0533608 -0.0544886 0.0533608 -0.0551982 -0.0544886 -0.0893355 -0.0544886 0.084561 -0.0544886 -0.0551982 -0.0551982 -0.0549721 0.0623701 -0.0516769 0.0331859 0.0480026 -0.0537817 0.0319583 -0.0537817 0.0319583 -0.0537817 -0.0898423 0.0533608 -0.0537817 0.0533608 0.0533608 0.0244998 -0.0530775 -0.0535627 -0.0535627 -0.0530775 -0.0530775 0.0319583 -0.0898423 0.0545921 -0.0530775 -0.088239 -0.0530775 -0.0530775 -0.0530775 -0.0537817 -0.0530775 0.00249731 -0.0530775 0.106068 -0.0530775 -0.0530775 -0.0530775 -0.0530775 -0.0530775 0.00249731 -0.0530775 -0.0530775 0.0310123 0.159734 -0.0530775 -0.0537817 -0.0537817 -0.088239 0.00249731 0.0338629 0.0338629 -0.088239 -0.088239 -0.088239 -0.088239 0.0240074 0.00249731 -0.0320721 0.0164784 0.10521 0.0164784 -0.0913165 -0.0509444 -0.088239 -0.0323955 0.0145554 -0.088946 0.0164784 -0.088239 0.0183755 -0.105101 -0.088239 -0.0898423 -0.0898423 -0.0102471 0.0296999 0.0834528 -0.0445435 0.0348216 0.0348216 0.0873287 
0.129747 0.00325442 0.238808 -0.000319575 0.238808 0.115288 0.231548 -0.0942932 0.00325442 -0.124436 1 0.115288 -0.0234991 0.314682 0.299313 0.0510441 0.134359 0.0547874 0.0991288 -0.0848049 0.0881437 -0.0163276 -0.022596 -0.009153 -0.129784 0.105293 -0.0151665 -0.0205555 0.0293651 0.103189 -0.131635 -0.131635 -0.0848049 -0.0548281 0.105293 0.105293 -0.009153 -0.143554 -0.0700022 -0.0694621 0.100531 -0.0848049 0.100272 -0.0194563 -0.0345698 -0.00770722 -0.00166285 -0.0242971 0.107038 -0.00613953 0.00508475 -0.0126768 -0.014401 -0.0109544 0.00301139 0.0333815 0.107038 0.103744 -0.0606959 -0.0114996 -0.00216268 -0.0195997 -0.0313264 -0.0574623 -0.0245999 -0.0195997 -0.0120878 -0.0263312 -0.0278766 -0.0278766 -0.0245999 -0.0279589 -0.0279589 -0.0667743 -0.0245999 -0.0245999 -0.0099599 -0.0295822 -0.0295822 0.00767745 -0.0178854 0.00767745 -0.0295822 -0.0279589 -0.0295822 -0.0997937 -0.0313264 -0.00790777 -0.0238797 -0.0180898 -0.0915177 -0.0672882 0.00767745 -0.0123807 -0.0180898 -0.026576 -0.0180898 -0.0249312 -0.00787418 0.00767745 0.112279 -0.0180898 -0.0249312 -0.0180898 -0.0232817 -0.0249312 -0.0145651 -0.0249312 -0.00787418 -0.0249312 -0.0283644 -0.0283644 -0.0231863 -0.0627995 -0.0163482 -0.0523177 -0.0232122 -0.0215086 -0.0565994 -0.0215086 -0.0565994 -0.0215086 0.00488741 -0.0180898 -0.0215086 -0.0180898 -0.0180898 -0.0653595 -0.0231564 -0.0214211 -0.0214211 -0.0231564 -0.0231564 -0.0565994 0.00488741 -0.0209744 -0.0231564 -0.0110058 -0.0231564 -0.0231564 -0.0231564 -0.026576 -0.0231564 -0.0959132 -0.0231564 -0.00793334 -0.0231564 -0.0231564 -0.0231564 -0.0231564 -0.0231564 -0.0959132 -0.0231564 -0.0231564 -0.061302 -0.00511322 -0.0231564 -0.026576 -0.026576 -0.0110058 -0.0959132 -0.0688539 -0.0688539 -0.0110058 -0.0110058 -0.0110058 -0.0110058 -0.0227269 -0.0959132 -0.0489666 0.102136 -0.0121487 0.102136 0.00456653 -0.00135259 -0.0110058 0.0092048 -0.074179 -0.00928017 0.102136 -0.0110058 0.097627 0.0109866 -0.0110058 0.00488741 0.00488741 0.0679095 -0.0298738 -0.00789969 0.0296297 -0.0641427 -0.0641427 -0.0100432 
0.036469 -0.0419873 -0.0680665 0.101514 -0.0680665 1 -0.067558 -0.0283364 -0.0419873 0.0905122 0.115288 1 -0.0244399 -0.021742 -0.0301527 0.0244674 -0.0423447 0.0875665 0.0546465 -0.020291 -0.0233756 -0.0655133 0.0424194 -0.0149744 -0.0289961 -0.0389503 -0.133546 0.0418809 0.104258 -0.0432531 -0.0284951 -0.0284951 -0.020291 -0.051356 -0.0389503 -0.0389503 -0.0149744 -0.0271326 -0.0586951 -0.0523269 -0.0377616 -0.020291 -0.0291578 0.0400169 0.0715614 -0.0269986 0.103244 -0.0295064 0.339148 0.0592479 -0.0421843 -0.0220116 -0.0826517 -0.0833456 -0.0320733 -0.0222652 0.284975 0.290692 -0.031812 0.0260258 -0.0422874 -0.0738626 -0.0233296 -0.0301172 -0.0250418 -0.0738626 -0.023696 -0.0246637 -0.0254184 -0.0254184 -0.0250418 -0.0241863 -0.0241863 -0.0513206 -0.0250418 -0.0250418 -0.0240834 -0.0237105 -0.0237105 -0.0320117 -0.0743702 -0.0320117 -0.0237105 -0.0241863 -0.0237105 -0.131466 -0.0233296 -0.0246151 0.0823114 0.0802534 -0.0866748 -0.0496447 -0.0320117 0.0782343 0.0802534 -0.0262127 0.0802534 -0.0266991 -0.0260517 -0.0320117 0.0656997 0.0802534 -0.0266991 0.0802534 -0.0271873 -0.0266991 -0.0772657 -0.0266991 -0.0260517 -0.0266991 -0.0271873 -0.0271873 -0.0270759 -0.0495857 -0.0247637 -0.0616193 0.0754156 -0.0262127 -0.0616251 -0.0262127 -0.0616251 -0.0262127 -0.0317596 0.0802534 -0.0262127 0.0802534 0.0802534 -0.0395342 -0.025728 -0.026106 -0.026106 -0.025728 -0.025728 -0.0616251 -0.0317596 0.0812775 -0.025728 -0.0764143 -0.025728 -0.025728 -0.025728 -0.0262127 -0.025728 -0.135462 -0.025728 -0.0135493 -0.025728 -0.025728 -0.025728 -0.025728 -0.025728 -0.135462 -0.025728 -0.025728 -0.0621452 0.157294 -0.025728 -0.0262127 -0.0262127 -0.0764143 -0.135462 -0.0605827 -0.0605827 -0.0764143 -0.0764143 -0.0764143 -0.0764143 -0.058184 -0.135462 -0.0702946 0.157623 -0.0140956 0.157623 -0.0784985 -0.0386114 -0.0764143 -0.0626414 -0.0283364 -0.0769289 0.157623 -0.0764143 0.159576 -0.0269677 -0.0764143 -0.0317596 -0.0317596 -0.00915515 -0.0214656 -0.0167126 0.0348607 -0.0600604 -0.0600604 -0.0146412 
-0.113125 0.242017 -0.0285313 -0.0826023 -0.0285313 -0.0244399 -0.0280444 -0.0283364 0.242017 -0.034221 -0.0234991 -0.0244399 1 0.0752535 0.0697933 0.0980525 0.0510736 0.146768 0.145604 -0.020291 -0.0233756 0.179843 0.0878172 0.281566 -0.0498021 0.0214257 -0.0711167 0.0872819 -0.0803959 0.0451872 -0.0492978 -0.0492978 -0.020291 -0.0320495 0.0214257 0.0214257 0.281566 -0.0480326 0.150019 -0.0328303 0.0230195 -0.020291 0.0367584 -0.0301172 0.0377312 -0.0269986 0.00826142 -0.00718803 0.0141087 -0.0154899 -0.00218674 0.000769954 0.0123524 0.0114167 0.00661463 -0.0222652 0.0141087 0.0156392 0.0348607 -0.011592 0.0185436 0.0220901 0.0322855 -0.0301172 0.0304473 0.0220901 -0.000774678 0.0309679 0.0299299 0.0299299 0.0304473 0.0313649 0.0313649 -0.0513206 0.0304473 0.0304473 -0.00131282 0.031761 0.031761 0.0317581 0.0216468 0.0317581 0.031761 0.0313649 0.031761 0.0214297 0.0322855 -0.00185518 0.0193416 0.0177167 -0.00226546 -0.0496447 0.0317581 0.0161161 0.0177167 0.0298936 0.0177167 0.0294919 -0.00345859 0.0317581 -0.0233756 0.0177167 0.0294919 0.0177167 0.0290893 0.0294919 0.0195088 0.0294919 -0.00345859 0.0294919 0.0290893 0.0290893 0.0289701 -0.0495857 0.0310934 -0.0347377 0.0448974 0.0298936 -0.0350179 0.0298936 -0.0350179 0.0298936 0.033048 0.0177167 0.0298936 0.0177167 0.0177167 -0.0395342 0.0302944 0.0297719 0.0297719 0.0302944 0.0302944 -0.0350179 0.033048 0.018526 0.0302944 0.0198693 0.0302944 0.0302944 0.0302944 0.0298936 0.0302944 0.0185207 0.0302944 -0.0135493 0.0302944 0.0302944 0.0302944 0.0302944 0.0302944 0.0185207 0.0302944 0.0302944 -0.035587 0.00820062 0.0302944 0.0298936 0.0298936 0.0198693 0.0185207 -0.0338754 -0.0338754 0.0198693 0.0198693 0.0198693 0.0198693 -0.0347708 0.0185207 -0.00489722 -0.0332923 -0.0140956 -0.0332923 0.0169675 -0.0898556 0.0198693 -0.0333311 0.120135 0.0194238 -0.0332923 0.0198693 -0.032122 -0.00756176 0.0198693 0.033048 0.033048 -0.00915515 -0.0214656 0.00638203 0.0348607 -0.0333019 -0.0333019 -0.0146412 
0.462336 0.234502 0.301451 0.254948 0.301451 -0.021742 0.299367 0.00993526 0.234502 -0.321263 0.314682 -0.021742 0.0752535 1 0.934217 0.527429 0.0927933 0.282494 0.373464 0.0101342 0.0445667 -0.322977 0.0185734 0.226619 -0.534001 0.178586 0.248162 0.0207796 0.257383 0.125855 -0.535935 -0.535935 0.0101342 -0.383175 0.178586 0.178586 0.226619 -0.544533 -0.237105 -0.385055 0.173881 0.0101342 0.149915 -0.0367533 -0.0479128 -0.082116 -0.0156485 -0.0277901 0.0707892 -0.0749236 -0.0971339 -0.00744871 0.0576512 0.061186 -0.0782126 -0.0153892 0.0707892 0.0665401 -0.211368 -0.0632186 -0.0774164 0.0245348 0.000198904 0.00308918 0.00213077 0.0245348 -0.0576125 0.000335096 -0.00132314 -0.00132314 0.00213077 -0.00146392 -0.00146392 -0.0110027 0.00213077 0.00213077 -0.0614897 0.00199435 0.00199435 -0.0387297 0.0264164 -0.0387297 0.00199435 -0.00146392 0.00199435 -0.101723 0.000198904 -0.0592501 -0.0429732 -0.0366036 -0.0627047 -0.0113075 -0.0387297 -0.0391472 -0.0366036 0.0164119 -0.0366036 0.0129357 -0.0586502 -0.0387297 0.0698681 -0.0366036 0.0129357 -0.0366036 0.0094491 0.0129357 0.0360244 0.0129357 -0.0586502 0.0129357 0.0147775 0.0147775 0.00941039 -0.0143358 0.00562509 -0.00619348 -0.0238686 0.0110997 0.00401171 0.0110997 0.00401171 0.0110997 -0.0425074 -0.0366036 0.0110997 -0.0366036 -0.0366036 0.00198516 0.00926933 0.0110545 0.0110545 0.00926933 0.00926933 0.00401171 -0.0425074 -0.0397767 0.00926933 0.0339713 0.00926933 0.00926933 0.00926933 0.0110997 0.00926933 -0.0899829 0.00926933 -0.0685895 0.00926933 0.00926933 0.00926933 0.00926933 0.00926933 -0.0899829 0.00926933 0.00926933 0.00658389 -0.0427982 0.00926933 0.00578748 0.00578748 0.0339713 -0.0899829 -0.00116129 -0.00116129 0.0339713 0.0339713 0.0339713 0.0339713 0.0085543 -0.0899829 -0.0316613 0.0864792 -0.066273 0.0864792 0.0448098 0.0528836 0.0339713 0.024695 0.0731939 0.0303937 0.0864792 0.0339713 0.0815136 0.0656965 0.0339713 -0.0425074 -0.0425074 0.0172729 0.0176911 -0.0412897 0.0727024 -0.00376253 -0.00376253 -0.0308617 
0.420919 0.234619 0.258181 0.252978 0.258181 -0.0301527 0.256213 0.00125269 0.234619 -0.323632 0.299313 -0.0301527 0.0697933 0.934217 1 0.522963 0.0958605 0.289973 0.369762 0.0289025 0.0385105 -0.30662 0.0348031 0.227318 -0.507169 0.162097 0.249911 0.0369058 0.256235 0.115969 -0.509012 -0.509012 0.0289025 -0.368734 0.162097 0.162097 0.227318 -0.517194 -0.222203 -0.370562 0.157561 0.0289025 0.13478 -0.0474207 -0.0596852 -0.0824202 -0.0442009 -0.00805169 0.060239 -0.0971529 -0.11005 0.00868276 0.0980793 0.101337 -0.0935922 0.0317145 0.060239 0.0560805 -0.247398 -0.095425 -0.0897176 0.073007 0.0375714 0.0346881 0.0389178 0.073007 -0.0556972 0.037302 0.035126 0.035126 0.0389178 0.0355349 0.0355349 -0.036817 0.0389178 0.0389178 -0.0598887 0.0391851 0.0391851 -0.0601678 0.0748326 -0.0601678 0.0391851 0.0355349 0.0391851 -0.0886998 0.0375714 -0.0577548 -0.0588817 -0.052691 -0.0375369 -0.0366748 -0.0601678 -0.0556817 -0.052691 0.0537588 -0.052691 0.0500908 -0.0576735 -0.0601678 0.0645815 -0.052691 0.0500908 -0.052691 0.0464122 0.0500908 0.0843765 0.0500908 -0.0576735 0.0500908 0.0464122 0.0464122 0.0462221 -0.0398978 0.0429027 -0.0344433 -0.0401327 0.0428112 -0.0238426 0.0428112 -0.0238426 0.0428112 -0.064145 -0.052691 0.0428112 -0.052691 -0.052691 -0.0271264 0.0410194 0.0426368 0.0426368 0.0410194 0.0410194 -0.0238426 -0.064145 -0.0557747 0.0410194 0.0765306 0.0410194 0.0410194 0.0410194 0.0428112 0.0410194 -0.0774583 0.0410194 -0.0567553 0.0410194 0.0410194 0.0410194 0.0410194 0.0410194 -0.0774583 0.0410194 0.0410194 -0.0213415 -0.042712 0.0410194 0.0373374 0.0373374 0.0765306 -0.0774583 -0.0288741 -0.0288741 0.0765306 0.0765306 0.0765306 0.0765306 -0.017629 -0.0774583 -0.068737 0.0772232 -0.0545551 0.0772232 0.0864796 0.093494 0.0765306 0.0434734 0.0664356 0.0727282 0.0772232 0.0765306 0.0724722 0.0690838 0.0765306 -0.064145 -0.064145 0.0138649 -0.0125177 -0.036579 0.0648271 -0.0314051 -0.0314051 -0.0250742 
0.446774 0.371911 -0.538508 0.555214 -0.538508 0.0244674 -0.537622 0.0443652 0.371911 -0.190849 0.0510441 0.0244674 0.0980525 0.527429 0.522963 1 -0.234403 0.569334 0.720072 -0.062162 0.10498 -0.362976 0.328868 0.321983 -0.682815 0.296897 0.531672 0.328211 0.555489 0.193383 -0.677599 -0.677599 -0.062162 -0.438985 0.296897 0.296897 0.321983 -0.674385 -0.219611 -0.422886 0.294163 -0.062162 0.26282 -0.0378579 0.00733352 -0.211295 -0.0876897 -0.100413 -0.0386881 -0.238904 -0.251982 -0.0865791 0.160881 0.163418 -0.232063 0.0323458 -0.0386881 -0.0376363 -0.126192 -0.206418 -0.241771 0.120813 0.108495 -0.00763167 0.106031 0.120813 -0.19443 0.102863 0.101233 0.101233 0.106031 0.10327 0.10327 0.0554195 0.106031 0.106031 -0.19874 0.107661 0.107661 -0.100932 0.11618 -0.100932 0.107661 0.10327 0.107661 -0.102106 0.108495 -0.199329 -0.00621813 -0.00805075 -0.021037 0.0458892 -0.100932 -0.0165526 -0.00805075 0.110118 -0.00805075 0.109723 -0.190164 -0.100932 -0.0677731 -0.00805075 0.109723 -0.00805075 0.109328 0.109723 0.118365 0.109723 -0.190164 0.109723 0.109328 0.109328 0.10888 0.0409873 0.10328 0.0625334 0.00821058 0.114149 0.0668307 0.114149 0.0668307 0.114149 -0.108585 -0.00805075 0.114149 -0.00805075 -0.00805075 0.0652538 0.110514 0.10967 0.10967 0.110514 0.110514 0.0668307 -0.108585 -0.0138986 0.110514 0.122492 0.110514 0.110514 0.110514 0.114149 0.110514 -0.10668 0.110514 -0.20983 0.110514 0.110514 0.110514 0.110514 0.110514 -0.10668 0.110514 0.110514 0.0601882 -0.0842905 0.110514 0.110118 0.110118 0.122492 -0.10668 0.0629289 0.0629289 0.122492 0.122492 0.122492 0.122492 -0.0210036 -0.10668 -0.0163337 0.0835305 -0.205347 0.0835305 0.130359 0.124465 0.122492 -0.0208442 0.108353 0.122002 0.0835305 0.122492 0.0796139 0.160553 0.122492 -0.108585 -0.108585 -0.137447 0.0258963 -0.186896 0.0605822 0.0638519 0.0638519 -0.185807 
-0.238629 -0.0350771 0.307481 -0.1711 0.307481 -0.0423447 0.30813 -0.0490958 -0.0350771 -0.0592915 0.134359 -0.0423447 0.0510736 0.0927933 0.0958605 -0.234403 1 -0.139805 -0.185668 0.0113795 -0.0405007 0.247916 0.094195 0.00109671 0.315939 -0.0867552 -0.163067 0.0932635 -0.167358 -0.050746 0.316748 0.316748 0.0113795 0.238483 -0.0867552 -0.0867552 0.00109671 0.297951 0.216668 0.218691 -0.0848249 0.0113795 -0.0715569 -0.0521812 0.0190986 0.234673 -0.0354895 0.0608134 -0.0101354 0.17251 0.235113 0.0491153 -0.118945 -0.120209 0.219609 -0.0385767 -0.0101354 -0.00801824 -0.0186385 0.168585 0.239222 -0.124475 -0.116494 0.0245649 -0.119288 -0.124475 0.251571 -0.118828 -0.119748 -0.119748 -0.119288 -0.117891 -0.117891 -0.0756787 -0.119288 -0.119288 0.248975 -0.116957 -0.116957 0.0288561 -0.125352 0.0288561 -0.116957 -0.117891 -0.116957 0.0719854 -0.116494 0.247917 0.00767148 0.0050338 0.0422584 -0.0726668 0.0288561 0.00243248 0.0050338 -0.101696 0.0050338 -0.102623 0.243299 0.0288561 0.0569723 0.0050338 -0.102623 0.0050338 -0.103555 -0.102623 -0.109161 -0.102623 0.243299 -0.102623 -0.103555 -0.103555 -0.103131 -0.0723903 -0.0989351 -0.0209654 -0.000132784 -0.111928 -0.0218512 -0.111928 -0.0218512 -0.111928 0.0306651 0.0050338 -0.111928 0.0050338 0.0050338 -0.0302202 -0.110989 -0.111473 -0.111473 -0.110989 -0.110989 -0.0218512 0.0306651 0.00634798 -0.110989 -0.118348 -0.110989 -0.110989 -0.110989 -0.111928 -0.110989 0.0952762 -0.110989 0.210645 -0.110989 -0.110989 -0.110989 -0.110989 -0.110989 0.0952762 -0.110989 -0.110989 -0.00837772 0.036868 -0.110989 -0.111928 -0.111928 -0.118348 0.0952762 -0.00511296 -0.00511296 -0.118348 -0.118348 -0.118348 -0.118348 0.202367 0.0952762 0.00543004 -0.0775789 0.209524 -0.0775789 -0.122078 -0.113628 -0.118348 0.0170889 -0.0490958 -0.119229 -0.0775789 -0.118348 -0.0756328 -0.15821 -0.118348 0.0306651 0.0306651 0.373249 -0.0371913 0.202703 -0.0186385 -0.00401671 -0.00401671 0.208407 
0.489605 -0.112161 -0.427826 0.842142 -0.427826 0.0875665 -0.429281 0.135848 -0.112161 -0.136885 0.0547874 0.0875665 0.146768 0.282494 0.289973 0.569334 -0.139805 1 0.790293 -0.0649229 -0.0191986 -0.402231 0.404197 -0.0217498 -0.427554 -0.212841 0.863307 0.406166 0.90697 -0.131237 -0.424455 -0.424455 -0.0649229 -0.530046 -0.212841 -0.212841 -0.0217498 -0.422138 -0.53093 -0.506559 -0.205414 -0.0649229 -0.181223 -0.0217879 0.0876845 -0.0459558 -0.0927233 -0.237357 -0.0442894 -0.110784 -0.100802 -0.221303 -0.0947679 -0.0912866 -0.0818291 -0.00651922 -0.0568119 -0.049676 -0.0863737 -0.0541185 -0.0805017 -0.147906 -0.102821 0.0430601 -0.10054 -0.147906 -0.0104705 -0.102383 -0.102972 -0.102972 -0.10054 -0.103817 -0.103817 0.0664148 -0.10054 -0.10054 -0.0137188 -0.100975 -0.100975 -0.110102 -0.150802 -0.110102 -0.100975 -0.103817 -0.100975 -0.179865 -0.102821 -0.0117669 0.0726203 0.0702385 -0.0796861 0.0594503 -0.110102 0.0678985 0.0702385 -0.107107 0.0702385 -0.109997 -0.00588706 -0.110102 -0.039789 0.0702385 -0.109997 0.0702385 -0.108561 -0.109997 -0.157142 -0.109997 -0.00588706 -0.109997 -0.108561 -0.108561 -0.112435 0.0645475 -0.111406 0.105821 0.0860421 -0.107107 0.107015 -0.107107 0.107015 -0.107107 -0.107173 0.0702385 -0.107107 0.0702385 0.0702385 0.105263 -0.108543 -0.110976 -0.110976 -0.108543 -0.108543 0.107015 -0.107173 0.0677977 -0.108543 -0.15354 -0.108543 -0.108543 -0.108543 -0.107107 -0.108543 -0.187971 -0.108543 -0.0485676 -0.108543 -0.108543 -0.108543 -0.108543 -0.108543 -0.187971 -0.108543 -0.108543 0.102949 -0.0695902 -0.108543 -0.107107 -0.107107 -0.15354 -0.187971 0.109026 0.109026 -0.15354 -0.15354 -0.15354 -0.15354 0.105639 -0.187971 0.0200659 0.157111 -0.0411466 0.157111 -0.142444 -0.116335 -0.15354 -0.104162 0.135848 -0.152003 0.157111 -0.15354 0.153073 -0.0312223 -0.15354 -0.107173 -0.107173 0.0181534 0.0580018 -0.0308741 0.0523329 0.100762 0.100762 -0.0229626 
0.658845 -0.190447 -0.344969 0.641962 -0.344969 0.0546465 -0.349694 0.121361 -0.190447 -0.174879 0.0991288 0.0546465 0.145604 0.373464 0.369762 0.720072 -0.185668 0.790293 1 -0.0966005 -0.0410563 -0.107388 0.502642 -0.0850861 -0.515375 0.411899 0.691407 0.503486 0.723251 0.27182 -0.511599 -0.511599 -0.0966005 -0.211376 0.411899 0.411899 -0.0850861 -0.51177 -0.260161 -0.196146 0.406024 -0.0966005 0.380597 -0.0447453 0.0302256 -0.147638 -0.0730422 -0.165243 -0.0441323 -0.175968 -0.179983 -0.117657 0.0342101 0.0395104 -0.133526 0.0729857 -0.0556761 -0.046772 -0.0946206 -0.143028 -0.170246 -0.000235764 0.034799 0.0299788 0.037353 -0.000235764 -0.13072 0.0328375 0.0339833 0.0339833 0.037353 0.0321311 0.0321311 0.0518008 0.037353 0.037353 -0.133902 0.0353671 0.0353671 -0.0813427 -0.00364459 -0.0813427 0.0353671 0.0321311 0.0353671 -0.113416 0.034799 -0.133029 0.0650768 0.0601917 -0.0460842 0.0366225 -0.0813427 0.0553809 0.0601917 0.0390994 0.0601917 0.039825 -0.120014 -0.0813427 -0.0790182 0.0601917 0.039825 0.0601917 0.0405532 0.039825 0.00389473 0.039825 -0.120014 0.039825 0.0405532 0.0405532 0.0403871 0.029726 0.0409056 0.0575437 0.0695946 0.0430847 0.0635729 0.0430847 0.0635729 0.0430847 -0.0838197 0.0601917 0.0430847 0.0601917 0.0601917 0.0533799 0.0423557 0.0389402 0.0389402 0.0423557 0.0423557 0.0635729 -0.0838197 0.0592818 0.0423557 0.00729311 0.0423557 0.0423557 0.0423557 0.0430847 0.0423557 -0.109656 0.0423557 -0.143915 0.0423557 0.0423557 0.0423557 0.0423557 0.0423557 -0.109656 0.0423557 0.0423557 0.0587416 -0.0757725 0.0423557 0.0430847 0.0430847 0.00729311 -0.109656 0.0619113 0.0619113 0.00729311 0.00729311 0.00729311 0.00729311 0.0368975 -0.109656 -0.0019855 0.0729064 -0.138008 0.0729064 0.0153764 -0.0734412 0.00729311 -0.10018 0.105542 0.00798409 0.0729064 0.00729311 0.0654205 0.048496 0.00729311 -0.0838197 -0.0838197 -0.031357 0.0145885 -0.112865 0.146902 0.0553758 0.0553758 -0.112247 
0.0582227 -0.0262853 0.0747831 -0.0176261 0.0747831 -0.020291 0.0751336 -0.023526 -0.0262853 0.0337234 -0.0848049 -0.020291 -0.020291 0.0101342 0.0289025 -0.062162 0.0113795 -0.0649229 -0.0966005 1 -0.0194074 -0.0919986 -0.160775 -0.00258436 -0.0482573 -0.0574013 -0.0486777 -0.161236 -0.0565274 -0.0359104 -0.0478375 -0.0478375 1 -0.0811073 -0.0574013 -0.0574013 -0.00258436 -0.0468194 -0.0802369 -0.0822922 -0.0565825 1 -0.051571 -0.0250045 0.0818828 0.102048 -0.0207415 -0.0504388 0.020709 0.0709075 0.0812033 -0.0636689 -0.112791 -0.113255 0.0697321 -0.0184854 0.020709 0.0221186 -0.0264116 0.0403467 0.0625329 -0.086816 -0.0470735 -0.0250045 -0.0484323 -0.086816 0.0868958 -0.0481893 -0.0486747 -0.0486747 -0.0484323 -0.0477529 -0.0477529 -0.0377868 -0.0484323 -0.0484323 0.0858732 -0.0473181 -0.0473181 -0.0212829 -0.0872545 -0.0212829 -0.0473181 -0.0477529 -0.0473181 -0.0202902 -0.0470735 0.085382 0.0631102 0.0614375 -0.00188087 -0.036356 -0.0212829 0.0597958 0.0614375 -0.0497118 0.0614375 -0.0501579 0.083414 -0.0212829 -0.0194074 0.0614375 -0.0501579 0.0614375 -0.0506058 -0.0501579 -0.0898598 -0.0501579 0.083414 -0.0501579 -0.0506058 -0.0506058 -0.0503985 -0.0362435 -0.104034 -0.0466951 0.0879503 -0.0497118 -0.0467455 -0.0497118 -0.0467455 -0.0497118 -0.0209875 0.0614375 -0.0497118 0.0614375 0.0614375 -0.0502476 -0.0492676 -0.0495094 -0.0495094 -0.0492676 -0.0492676 -0.0467455 -0.0209875 0.0622699 -0.0492676 -0.0890225 -0.0492676 -0.0492676 -0.0492676 -0.0497118 -0.0492676 -0.022976 -0.0492676 0.0972667 -0.0492676 -0.0492676 -0.0492676 -0.0492676 -0.0492676 -0.022976 -0.0492676 -0.0492676 -0.0471855 0.0150607 -0.0492676 -0.0497118 -0.0497118 -0.0890225 -0.022976 -0.0458634 -0.0458634 -0.0890225 -0.0890225 -0.0890225 -0.0890225 -0.0638575 -0.022976 -0.0511219 0.0357617 0.096732 0.0357617 -0.0905356 -0.0490747 -0.0890225 -0.0471404 0.0504339 -0.089468 0.0357617 -0.0890225 0.036993 -0.109392 -0.0890225 -0.0209875 -0.0209875 -0.042677 -0.0178216 0.0934994 -0.0264116 -0.0720805 -0.0720805 0.0961994 
